195
799
792
411
714
428
497
453
403
677
649
833
735
973
880
199
733
802
138
971
540
633
458
420
963
859
515
258
797
857
299
808
382
574
468
483
697
480
405
808
577
499
309
803
272
412
566
153
244
818
420
688
976
141
134
604
679
721
148
428
982
330
709
231
794
614
397
426
766
652
807
903
635
359
712
452
692
252
718
200
945
496
812
855
368
604
114
621
132
599
404
753
469
226
372
295
240
748
713
945
991
451
198
608
894
372
680
267
292
904
994
174
100
883
285
458
502
786
862
695
782
552
919
419
884
262
849
759
438
469
276
390
774
146
276
700
995
950
107
706
519
566
689
674
283
248
105
543
991
374
287
226
921
491
305
317
774
832
593
876
459
264
399
576
608
710
181
426
276
804
681
858
203
658
996
635
923
962
127
374
810
545
225
983
392
576
143
123
250
385
562
786
518
602
172
885
828
268
292
632
560
290
252
203
977
701
126
562
101
466
809
966
187
303
499
349
293
192
215
852
715
948
143
979
483
830
775
454
392
357
305
330
591
222
112
296
195
934
998
441
751
180
102
794
815
198
390
817
901
548
742
815
212
707
830
283
421
355
382
148
789
794
151
945
214
808
213
982
612
908
550
593
611
737
606
878
688
281
443
778
944
568
405
897
990
412
887
204
360
490
603
522
341
762
644
550
875
650
689
982
801
676
881
211
176
592
703
751
676
146
539
656
271
842
268
601
444
226
470
262
393
917
471
870
876
616
940
634
243
154
605
976
383
288
528
608
466
520
672
806
193
430
809
893
260
433
298
680
209
957
948
190
677
959
981
547
269
992
306
324
468
780
925
691
314
318
581
678
418
612
828
173
670
901
850
286
185
920
808
427
257
694
586
723
173
189
200
885
842
151
588
345
152
472
531
130
582
880
827
122
570
943
989
877
392
647
516
270
970
568
594
256
554
413
142
738
413
633
342
223
101
322
540
585
312
368
111
499
344
810
115
786
328
150
201
402
695
261
560
496
883
891
302
386
313
438
545
876
904
599
147
498
854
690
163
613
695
508
923
346
646
544
755
969
509
546
322
363
698
589
178
849
720
989
474
247
286
904
576
781
876
548
129
707
973
877
608
256
308
981
112
427
369
794
619
439
800
886
670
961
392
681
768
913
361
615
499
858
823
579
773
746
223
342
145
132
894
756
152
519
132
707
782
508
164
172
227
433
201
346
336
544
842
500
701
777
651
615
732
194
813
630
752
541
165
733
615
408
923
574
160
906
861
456
973
506
425
661
748
784
161
159
541
600
209
132
585
863
328
654
399
464
800
647
823
758
799
969
810
588
282
129
928
167
761
663
133
184
722
626
149
239
973
113
445
639
373
286
207
400
762
486
346
854
154
536
859
287
198
240
595
433
988
657
595
318
100
863
529
554
539
195
205
791
229
953
166
143
163
457
923
367
846
740
967
722
527
578
992
404
875
420
338
305
516
875
898
952
401
464
302
826
220
437
590
323
277
897
577
424
660
709
317
532
290
119
651
914
628
163
166
154
515
371
372
694
561
961
706
251
424
928
988
645
775
911
889
634
788
564
594
634
735
283
559
529
338
526
965
311
976
372
462
364
347
739
985
202
645
922
659
561
467
333
432
101
151
568
445
147
637
685
161
997
503
181
853
837
710
138
412
493
529
582
188
154
897
484
741
586
924
830
796
475
786
522
395
676
106
528
411
510
323
917
290
872
818
430
390
430
339
372
842
685
449
972
431
143
929
659
780
825
336
725
978
295
268
429
108
952
408
931
159
101
795
632
918
113
313
339
337
132
355
722
280
743
274
692
303
163
174
819
466
344
142
381
105
212
293
373
337
176
344
772
791
480
639
586
963
432
661
233
618
946
891
634
651
174
281
128
154
613
193
316
442
527
796
267
162
802
684
511
537
349
904
741
128
383
630
719
602
905
155
141
637
610
520
738
295
287
977
495
590
938
201
384
697
684
205
230
521
897
332
229
666
101
426
809
914
551
352
162
218
572
143
640
759
861
942
351
609
573
624
738
239
725
939
844
971
183
148
976
942
430
416
572
281
806
528
849
859
309
758
418
363
465
837
520
483
507
951
233
253
597
735
768
703
698
959
477
122
289
357
338
860
808
781
451
711
240
341
502
560
278
488
340
793
422
828
707
289
927
696
884
892
963
517
633
731
175
960
192
805
296
623
654
564
195
261
710
105
397
455
333
596
352
418
673
216
527
267
255
923
390
173
509
812
191
670
244
955
224
627
969
696
605
867
209
596
548
