632
797
749
937
488
641
414
127
873
583
545
957
811
637
943
424
698
404
512
936
400
759
575
337
481
608
564
284
310
633
268
903
941
202
709
458
939
759
754
616
223
149
672
788
718
330
193
166
281
473
577
979
981
779
642
825
499
239
765
798
907
965
144
553
985
610
362
554
306
446
667
832
512
374
399
415
411
115
874
385
769
449
567
828
229
729
443
120
800
165
830
891
984
327
990
474
837
345
267
615
448
651
941
527
350
681
539
112
281
117
786
711
581
295
146
582
411
677
802
522
810
890
980
354
980
455
781
204
422
861
194
509
712
240
203
991
710
912
255
959
921
643
912
444
306
580
212
374
495
289
708
973
731
200
318
591
798
883
948
373
433
430
118
373
419
468
560
622
780
714
769
480
873
275
202
457
765
230
104
924
735
694
939
651
780
889
505
657
455
310
421
950
157
587
890
652
924
451
729
554
503
376
128
949
326
915
321
942
277
701
753
226
515
543
404
455
214
724
913
406
278
998
404
941
628
137
537
727
387
435
533
585
896
357
460
649
305
561
148
762
350
104
908
579
504
563
404
610
363
638
206
375
802
830
929
259
794
493
103
360
111
202
719
491
307
617
484
153
248
276
395
478
214
521
103
417
658
986
139
301
529
432
431
626
321
848
603
327
892
207
168
505
935
769
352
254
700
455
452
515
732
613
746
157
973
514
987
370
767
223
856
441
686
884
345
556
657
296
201
421
928
681
399
592
951
869
608
562
586
881
770
182
633
432
856
485
504
785
672
754
258
827
548
118
725
509
454
146
659
331
134
331
671
990
590
953
638
713
890
195
330
787
803
368
272
306
506
487
747
549
398
871
737
676
101
963
682
902
783
331
705
197
731
893
193
182
542
836
214
552
942
837
259
751
231
950
941
383
204
532
427
266
919
164
816
861
284
136
521
245
572
336
891
604
893
959
761
686
584
455
345
486
768
935
830
455
215
633
259
620
960
997
671
237
815
742
286
983
151
589
215
743
767
745
679
847
711
417
448
322
442
814
998
235
676
736
834
985
281
777
108
558
640
686
299
207
541
404
895
321
119
787
768
975
779
405
808
623
260
525
424
869
414
546
805
781
260
827
306
541
341
843
368
971
659
904
927
501
435
540
312
731
425
935
800
266
404
518
751
481
753
862
438
471
184
288
591
776
879
769
812
831
317
797
757
825
926
673
469
158
544
671
382
553
845
769
220
125
878
604
795
679
794
831
998
551
796
558
908
247
388
254
984
832
506
225
608
704
508
228
198
389
136
272
652
276
193
757
425
300
355
690
215
135
432
980
354
696
116
659
667
968
350
761
156
924
577
257
962
217
602
221
958
852
390
132
245
137
435
915
302
184
186
721
164
292
394
305
244
241
143
171
378
486
815
517
303
638
151
663
826
766
748
568
350
481
609
502
904
313
348
332
792
393
429
459
163
690
307
473
710
212
799
555
277
939
483
139
144
689
200
340
176
247
711
283
825
697
482
661
321
147
694
707
674
976
861
926
497
392
968
987
854
895
381
117
545
357
648
493
676
861
934
261
968
897
123
985
608
732
136
608
802
211
498
701
989
425
591
973
335
181
690
932
179
384
289
257
399
100
410
818
245
216
572
920
202
214
905
419
177
303
656
579
397
960
863
429
873
658
477
924
836
734
933
777
755
377
402
353
597
248
299
428
485
846
740
656
137
897
604
221
176
949
716
494
941
323
167
340
107
754
673
802
792
249
439
117
875
299
338
757
173
198
300
207
317
712
216
830
349
731
409
234
426
569
262
220
339
376
628
715
311
614
984
183
911
760
801
628
539
725
447
960
913
967
159
609
469
943
255
320
347
415
258
344
538
859
831
226
964
464
884
286
492
283
275
806
508
310
846
343
878
744
441
745
688
782
491
933
474
847
581
903
979
270
562
508
988
183
681
214
433
212
534
665
534
782
568
295
664
195
319
181
927
558
721
449
681
888
323
680
705
562
748
835
498
420
830
474
482
946
863
415
780
645
630
975
877
208
748
322
750
959
590
852
823
598
383
989
648
741
180
146
342
983
332
966
894
897
730
729
289
589
404
146
347
422
975
499
144
451
362
954
976
115
576
294
604
193
316
976
316
556
377
707
741
160
966
519
708
447
485
339
588
132
628
524
969
945
747
340
950
730
464
191
657
865
356
713
841
336
669
489
233
619
858
267
821
979
394
608
233
937
333
581
960
670
673
135
951
448
626
407
504
980
378
124
650
739
675
772
324
555
709
866
875
664
197
730
