6188
2236
1010
2198
6067
8538
7838
2338
9419
9550
4963
4793
4523
2396
8339
5940
5699
9259
6331
6373
6171
4562
5214
5854
1604
7631
7010
3938
7242
1238
7735
9391
7302
6674
2810
7183
3708
4306
1838
7650
5770
6429
3919
3835
4557
5793
3855
7401
4564
9221
3122
7315
8459
1050
2921
1195
4472
4124
8270
9353
1083
7585
1022
9044
6568
1859
1806
7949
8451
1532
1712
5117
6056
9239
6462
6013
1398
8923
8653
9276
2286
5742
8354
3427
1244
8518
3291
7436
9712
5594
8340
7585
7619
7703
3140
4798
9074
3584
9470
7567
2917
6564
7171
5621
6453
8105
7557
4378
8059
3579
6387
2293
3299
3157
2659
1012
4978
3331
2632
3799
6871
7800
4984
3400
5382
4724
2737
5771
9440
7835
2749
9132
4207
5412
9668
2417
4610
6805
9558
1237
5004
7335
9838
4325
8669
5976
7993
5443
6404
3460
3587
1460
9918
6171
1582
9319
8342
5413
9513
9376
8425
3503
6960
8172
9462
7932
4439
5034
8715
5338
9644
3914
7483
1297
4057
9777
9607
3721
3558
5795
1111
7908
8102
7333
9976
7830
5600
8114
8056
6363
8199
8222
3017
6222
3471
8639
3425
3822
9726
6621
7162
7474
3414
5636
7624
1108
3136
2649
5689
1281
7219
1793
8815
9533
8133
3425
4683
7009
6985
5423
9921
9558
5326
7763
1352
3401
4666
5847
2283
5935
7966
2655
1588
3187
5137
1451
4704
8874
2054
5263
8162
8930
2411
8365
6206
1549
3190
9273
9781
9954
9006
8181
4375
3984
1209
4280
5057
6092
5353
9862
5038
3228
1494
5796
7121
1948
2493
5631
5843
5606
4241
2879
2396
1086
8932
2243
6084
3888
4679
2579
4458
2132
1589
3845
8664
1904
6192
7216
1120
3600
2297
7702
3484
8570
5170
2842
3070
3591
1156
9616
6817
9284
6543
2341
3017
5231
4336
5421
4678
6950
9466
2975
6970
1453
3746
5602
2689
6566
6768
3863
9761
7021
3845
2764
9641
8964
4099
2210
4183
1390
9928
3195
4279
7351
6284
4966
4220
6882
7615
1399
6908
6270
3318
3480
8169
5157
1412
4875
7447
5649
1319
3043
4499
6605
4733
5402
2007
5894
1703
7228
1936
9877
9165
2131
5175
7952
2308
2375
7610
7719
8547
3945
1695
4916
4946
7176
8903
7377
3945
9982
7780
1762
6699
5417
5580
3711
4672
1252
1026
4237
5976
8493
8659
5920
1274
6508
7519
8854
1745
8570
4704
1093
5468
6843
4893
4470
8302
9749
7413
4929
8129
5912
1869
5859
8143
9280
3750
2190
9922
6617
9516
8851
1827
9357
4823
3832
5585
8371
1268
1919
4445
3968
8757
1063
3555
6345
4317
5312
2923
4368
4497
1663
3150
8831
1297
8177
6803
6590
8411
6089
8529
8487
8558
4065
6654
7772
9788
2819
1968
1528
5274
3210
5184
4486
3481
7857
7861
8304
3602
6029
5523
4491
4330
8497
2622
9449
7894
9589
2101
2506
1218
4792
6579
7803
5081
6506
9077
1484
9959
2269
2126
3733
7887
7206
5614
9204
8907
3674
1185
4784
7723
5210
7561
1739
5647
4433
2019
4047
9392
8765
6982
7108
8704
5696
8567
8598
1409
3006
1394
5332
1373
7964
1942
3091
5522
8394
4912
8800
8767
7683
3478
8951
1419
9731
7470
5131
9975
5854
1985
3814
9711
1706
2506
5324
6601
9878
3419
4873
4145
2599
6331
2518
9113
2462
5951
9846
4560
3299
2102
2136
7757
4395
2309
9539
4822
1874
8895
6217
3526
7309
9878
5294
5987
3141
6208
3472
8521
7079
2683
9292
9298
2163
4157
7617
4529
8307
5484
3593
7156
2014
5048
4906
6238
8129
8197
8789
1290
2093
2964
2597
8465
5015
4507
4813
2981
4472
7750
5681
2816
5936
2123
8784
1485
9599
6790
1023
9546
6515
6958
2375
7638
6583
7707
8601
6228
9531
6347
1534
5120
3270
9220
6516
9154
7141
4993
4845
9307
2525
8738
1473
6068
6948
3480
5272
2755
4399
5289
6997
1883
3605
1570
7579
8316
4042
3966
3119
9019
4971
7786
3970
7056
8710
3515
1104
7756
1008
9747
9311
7864
5462
9484
4438
7048
4640
1580
5296
7444
9032
8592
8153
6212
1068
6294
8129
6705
3272
2446
3413
3111
2891
2531
6265
1501
3368
4491
2263
6561
1597
7485
9630
1128
7769
5663
4739
8880
3881
4698
6489
4909
2517
4692
6314
2753
7175
4009
2308
1561
1793
1059
2029
5274
1171
2663
7399
4507
3830
3028
2340
7456
7109
1997
5131
7499
5349
7671
6807
8093
4377
9294
2853
8188
5640
7355
9019
3062
8937
8273
7504
5948
3112
8125
5592
4890
2119
1460
2808
2929
5414
8176
5810
1539
4016
4495
8870
9360
2126
6117
3245
4485
2330
3981
3928
9367
4197
2336
5114
3529
1333
1336
1966
8633
5873
6530
6774
4981
1592
5533
5634
3514
8465
8722
6555
4652
3418
7197
7961
2843
3396
1387
7840
5596
4435
7907
7346
4928
5116
7165
8775
7035
8094
2413
4101
1346
9653
2989
6908
8118
3979
4338
8760
4396
1651
8435
6847
2321
5633
3521
7704
3386
2342
7637
5345
3857
7733
9720
6115
1179
5599
7517
6610
1078
7386
8896
2046
3279
6945
9477
6440
2092
1583
6098
4928
3606
5217
1164
1517
4007
2474
6782
9187
4868
1667
1982
8883
5401
7040
4975
2596
9701
2625
8085
2897
7312
6788
3873
4684
1729
9075
3110
7693
3555
9958
3113
7460
2670
8235
9772
4169
6517
5025
3453
4751
7435
8217
1103
3890
6630
7592
5680
2029
7038
1996
9746
7341
6267
6480
7003
2294
3055
6442
3798
8837
2617
1773
5880
2777
5801
8167
2005
6611
9717
1560
8761
2298
5315
8063
2627
4128
7033
5562
3603
6251
6559
4622
1936
4360
4255
3727
6624
2972
3248
1136
4589
1762
1846
2306
6641
9365
6276
2349
3542
8113
5116
6505
8386
2310
4736
2954
9704
7083
5645
9801
9783
8827
1441
4602
1309
7661
6851
4788
5639
1841
7496
9658
2859
9698
2869
7964
1853
1414
2949
4629
4987
6126
2621
6371
6500
6748
3322
5974
8348
8816
6413
1525
1831
2939
3155
2512
5234
3147
