7501
8494
4944
8375
4587
6632
4604
6252
9514
1965
9319
4865
2789
8093
7746
6193
7287
5352
2048
3175
9134
9720
6378
8741
4253
3381
4886
2865
4807
3439
6401
9937
2477
2556
3631
4979
4850
8149
9803
7151
1876
8413
7342
6373
7602
4489
8978
6831
2609
1042
5221
2162
9809
7701
6173
1719
8136
4155
1364
4574
2767
9916
7604
5355
2009
1848
1454
9023
6080
4643
2285
1560
9944
3844
9070
3032
9508
7657
5028
4829
2983
2637
5980
1073
2029
5497
3772
3981
2397
2008
9726
7241
1058
3125
9316
6886
9103
9236
2076
7486
6573
6278
2814
4762
2860
2389
3554
3603
7119
1000
9824
6737
5375
7635
6058
4350
1049
1465
2813
2973
8133
5780
8591
6909
4409
4826
1036
5036
2081
7315
5053
3057
7727
9466
6859
5227
2124
3251
5656
7488
2670
6026
5437
3367
5875
9463
1597
3369
5153
9050
9639
8622
7022
4099
9421
2095
2058
5739
1079
6732
1920
1014
5403
7741
4700
2435
2649
1033
5198
7023
4426
9877
9752
6453
6023
2570
5747
8553
9843
4360
7833
8196
8247
2965
3854
4220
8241
3146
7998
2566
3751
2853
8514
1496
7540
8968
4710
6693
9650
2771
2456
9534
8920
9829
6023
9177
5278
9513
3916
6221
9517
6684
3725
1737
7618
5498
1138
3864
9272
4990
8941
8655
3785
7545
6329
1950
4212
2785
3562
4581
9609
1044
8086
8738
2454
8372
2002
8935
2278
3626
6635
6569
2809
5809
1860
9985
2752
5061
7157
5494
3119
8602
4562
7587
4137
1637
3289
6832
6649
3534
8048
8016
4803
5279
6132
8414
2267
4542
1890
8239
3126
1279
8852
2559
4704
3858
5723
8770
4551
1530
4452
2657
6488
9147
8489
3623
1825
6956
7472
2557
9683
4510
1202
3360
4433
7017
6449
3191
3946
5052
9014
2040
6719
2102
9872
4076
1272
7834
8339
2497
7424
1195
2283
7670
1513
5807
3668
2688
9651
1776
5634
8773
7899
7903
8556
6194
6978
5687
3974
4847
3657
6696
8083
3935
7121
7798
2831
6351
7073
9072
4129
5654
3502
3256
6828
5721
3942
9667
1963
1715
8230
9332
3372
3211
7087
1231
5918
6945
3560
1680
4320
6529
6626
4678
8521
6175
5520
7915
7201
3575
3606
5356
9228
6973
4450
6114
7021
4824
8723
3620
4597
9384
9296
1669
5322
6370
9221
6499
7870
5764
5008
9653
2525
1601
8787
3006
2749
2866
1106
2665
3619
5218
6775
2771
9787
7679
8608
6730
7247
9871
9091
4680
8695
7174
4586
5014
9099
3048
1692
7114
3988
9327
3556
1870
1311
4437
2082
9622
7925
4157
9416
4888
3530
8117
3170
9650
8078
5999
3054
9812
5626
7310
4199
5748
3053
8799
1031
5728
2641
3258
5654
3137
4453
3645
6224
5805
8408
8468
3340
7884
1312
4122
5970
7724
7803
3680
6879
7790
5575
8920
5708
2603
5495
8214
4835
5963
7944
3521
7100
6772
7846
2908
2811
1457
1166
9945
9320
5591
5683
7482
3356
3034
4782
8137
1103
5156
2364
3929
9881
7235
1420
7573
5642
2501
6070
9615
3333
2991
6692
2181
5734
9309
2880
4178
9446
5549
3717
3519
2543
2597
4891
1487
2324
7233
1432
7253
3364
5669
5768
5880
5971
9744
3081
1795
4164
4067
9741
7246
3157
8086
9158
6281
5559
3225
8126
5713
8425
2341
5152
1376
5115
9441
8426
1292
2546
7044
9548
5283
9533
2063
5457
3443
2802
5291
8556
2681
2814
4597
3534
3008
6528
8066
9555
4860
3428
5993
4879
1993
7966
4204
2661
4735
4853
9930
7608
7210
7945
6828
9947
3573
8380
5039
5168
3555
4752
6936
7491
5664
3883
9754
4276
4257
2843
6820
8745
8042
3153
4594
1040
1120
1562
2129
3165
5339
6442
3680
5964
4272
4716
5382
6695
4290
9339
1912
8791
3081
4497
6376
7574
6514
7268
1258
2532
4428
6361
2576
3180
2348
6224
4921
8109
3127
7867
3529
2852
4028
2331
8214
3825
9598
5031
1116
9331
9007
3778
5071
5827
7536
3913
8324
4579
2309
5714
8170
9010
9484
4510
3039
9995
1363
3033
9291
7105
5934
5862
3136
3752
7041
8808
6696
8549
2505
4563
3431
9262
3071
1469
8178
7185
1274
4935
6171
4323
4611
6969
6295
7712
1409
2997
2154
6313
4868
9213
9021
4857
4159
8937
8304
4791
1708
2676
7681
3803
1204
5316
7786
3458
9910
7809
2721
7342
5582
8414
2449
4921
8180
9442
4117
3089
3368
7986
4122
1589
5034
9786
1233
6910
1076
7819
8561
1247
2327
9325
2243
9385
3965
1797
6463
9853
6108
4349
5226
9390
2901
1651
1113
3462
3902
1859
7632
3653
5462
2204
4193
3770
4840
9409
5599
8933
5297
8957
2458
6810
1269
8654
5938
1428
3858
9677
5561
9512
3444
5430
5096
7382
6742
4395
6119
3704
2705
6940
7188
2129
5677
5850
8292
9526
7290
8138
4717
6963
1156
7158
2353
6784
3274
1267
3288
2850
3465
1075
1695
7661
7161
1053
4832
7016
5397
4008
2796
1898
6049
8233
8395
8239
6433
9930
7602
9506
3622
4970
1107
9620
9297
9332
2623
8420
8642
1783
2025
9966
1621
6330
2587
8852
6419
6762
7709
3837
4339
5384
1389
7020
7759
3849
3909
4739
7538
6980
2724
9941
5723
5926
6567
8154
2349
7670
6446
6715
4548
8990
8646
6750
7390
2594
8296
3012
7909
6755
4121
2630
3097
8961
8238
4731
1407
3098
3186
9118
5891
4668
9199
4927
1179
7523
8878
3586
2044
4933
2880
8201
8984
2419
4264
5915
4078
5604
7919
6088
9747
5043
7876
7698
5096
1781
3380
1632
4228
3787
6318
1108
6428
6964
3729
6887
1741
7806
5889
7526
9931
9133
3513
2023
2816
2098
5104
2421
1602
4397
2550
9807
7871
5924
7599
6964
3041
4907
1048
1480
1515
6210
6568
6038
5339
9174
4730
6879
6390
5998
1986
7836
1246
7287
7830
7103
6812
1991
6467
3055
7360
6474
4155
9154
7855
6902
6411
7306
4878
8428
2084
4763
6596
5308
2522
7448
9465
2231
4202
8388
8091
5437
5154
4385
7941
9642
7395
7763
8281
2492
9079
