65535
28858
93558
61329
10258
77277
52305
15290
95294
40274
20280
67021
50363
89031
56508
20275
32794
42203
32840
54796
45003
89576
90931
38723
12663
86224
48193
95354
91532
53862
29522
98880
37401
81407
40077
25875
84755
37898
46280
29325
59435
18280
79354
26608
22716
82961
78570
96061
91239
80783
31063
23888
34256
54291
52548
15071
56011
40502
65586
69982
72289
65905
93434
35464
29548
81193
41933
85425
53848
74240
13964
43959
18836
64888
56557
58556
55695
82520
52416
53955
43786
66615
32587
66688
43187
80937
41764
49408
60454
89106
91367
69444
92186
59419
76149
72690
79373
54260
53628
98223
26372
96603
59968
30604
25481
24860
69728
18893
90576
18030
26275
42608
21869
80611
84750
94081
27446
47740
84129
79076
33427
49589
97572
48116
97426
45486
43531
56221
97973
42459
89378
88006
50972
17238
17285
14074
11285
70747
95172
29268
77747
47830
15935
26940
23482
30952
31730
71126
98174
33216
66661
91620
33987
26657
59231
46380
15363
52858
23020
39122
50389
28972
78221
55407
49525
76405
67947
10391
35778
26786
31432
88006
68708
83998
11569
68005
70710
65717
28891
95458
27911
53352
95850
29383
78371
55079
13450
76812
46641
18778
26925
93297
28223
45923
72459
45548
99108
30467
32646
62235
63084
65874
17919
70765
72242
89467
15121
62327
85680
60546
58478
99096
64799
67767
33408
62008
37397
78159
29530
73697
41264
15905
94579
24395
98425
71946
26829
32535
63781
51602
35078
80012
23048
60503
49037
30968
87378
14236
82897
74840
18732
93968
51901
45025
86608
12089
75910
96944
21907
90395
16328
45942
50108
23296
93418
21437
87360
97898
99462
75738
23821
35676
95395
83650
79574
69174
75668
75550
95231
78861
57362
99451
42088
87313
94829
99901
77055
64620
79605
76053
40991
65449
15000
32948
55548
61936
26714
12891
87628
23934
31136
88553
97253
37580
98956
88206
31649
71005
88405
97936
74129
66579
40302
10369
51071
98295
63841
77501
17913
91297
52418
48106
33610
32057
18425
76913
69295
81217
84362
51355
12374
66850
96516
25727
32229
77320
63163
50782
32766
64509
37262
30437
68061
46151
27065
62079
72848
72491
64436
91373
73208
49529
53918
17456
72884
69426
47716
65818
98078
78998
88549
64207
84204
10219
58009
89554
34757
99851
17615
21927
11702
90138
35309
95313
50547
56028
33442
64665
65568
67258
60877
27010
30716
60901
40941
42451
22906
38872
21258
94017
25192
37445
92429
14428
76036
20620
39141
70060
36513
89369
43810
18551
13135
17276
71297
80797
70283
70515
68817
91319
27892
61637
72532
88600
71715
69885
85338
82518
58749
17813
46272
50395
26331
96853
15567
49289
87443
41833
95234
83161
96410
59889
69953
42057
86185
63929
58479
45413
12424
83817
69804
79481
61821
36451
84073
38181
48712
66792
49639
76772
79541
85388
11551
22255
73845
91923
78306
62916
44764
58815
24183
31928
27451
59581
41269
73840
60600
12953
97523
37809
63813
49357
39730
12773
46513
21614
58571
17177
85851
99573
83307
46368
45442
85522
12043
47933
70134
95571
18741
79257
24911
14568
36082
50540
86173
93343
29201
45704
21091
97687
96239
42138
79230
33449
98322
99411
79672
71467
70541
24896
69493
86596
15509
30537
91841
17264
22055
61342
27682
53061
52816
17951
32596
66950
32795
76327
67775
30104
50615
67068
56988
44114
48296
52996
52855
17884
98167
86505
32083
32130
83320
74326
47929
23685
38969
20616
30674
62696
72653
42771
54386
93186
74041
72902
50836
78512
23254
98338
35305
32788
14448
71152
23416
10281
31920
65238
78011
67298
38675
98104
48502
80336
71541
50458
14049
24754
57095
49480
31769
10302
42182
61494
44802
34718
50137
76134
55389
35876
54663
16450
20916
89854
84046
38577
37387
73882
25309
46516
52283
99589
48983
83070
19616
12124
99596
84325
65100
95567
60230
28537
35077
74408
36533
62870
88582
92207
85011
32531
86347
66979
59236
24743
73064
66710
31168
21372
96392
26686
18798
75461
23208
45172
86539
40137
35198
12372
19213
82296
30745
71892
83616
35605
50610
83931
21391
69226
22935
74755
27460
49534
74877
45297
49724
17728
43615
26280
32010
28989
20373
49795
36925
44143
10858
84886
36888
58909
89496
12686
68649
26178
90590
33651
82287
85506
20591
81816
98327
36214
35459
37286
72255
89788
23254
97307
81664
65928
52375
30179
49603
56803
79902
93020
47733
21794
13578
21857
68666
86157
95865
60009
63909
77657
50123
59434
33618
31880
89958
34230
17343
79146
30848
32379
29605
36880
71040
65513
70764
37147
58017
39894
53406
49522
99164
27720
13700
11075
17634
93236
78300
10952
16783
61654
57658
99153
31548
13860
27812
14156
74972
92643
22810
85246
87487
30575
55375
21955
90935
39055
63567
10392
31392
82469
28220
67422
97835
25271
76421
55357
43997
45425
67473
33549
70614
33705
84488
90817
44576
23202
15438
25574
18102
41420
12482
71840
59124
87674
51248
42793
13858
94721
65852
29332
33173
79122
76341
51036
67363
89051
33125
38197
44363
95747
62621
53552
65329
53126
94545
76520
97342
20774
68964
11438
18653
79874
38837
42889
10482
30985
40394
85011
18668
24159
19179
18142
64524
77613
84075
98900
25682
40596
73881
51939
46364
46713
32934
91635
63809
78257
55024
50037
32505
58731
12674
81460
51849
81049
91907
14123
47527
32708
19845
36022
57781
45836
40554
15276
68251
96261
91456
26101
41530
20559
97817
22168
18374
47406
74316
21105
88639
33883
68531
64370
51744
20351
25565
35848
42571
37469
93892
26505
45697
21746
37844
33538
91636
67171
66941
73020
61907
90968
44703
56999
19567
49267
32646
29089
65511
45565
91411
49992
94934
11382
84053
19616
69601
85195
70492
66647
96612
42085
51081
18203
26744
47026
50988
59786
38550
25916
75405
56500
27502
57870
64772
94752
11667
57611
43818
31727
38250
16803
40068
88104
71921
39179
61252
52318
84869
52350
95501
73590
88546
46383
66243
76280
94123
32489
36790
10880
52944
68015
82697
63204
83388
56795
36480
15878
37746
18634
59080
32803
11466
88503
51724
26571
98517
27451
92673
30503
28390
80467
90295
82667
32527
39312
91516
56464
22193
55925
26775
34300
88687
48763
63177
63862
72442
43190
67313
41445
37746
82673
54339
97274
94388
73772
99008
47307
82938
68008
99765
33179
63831
79628
45396
39060
45927
66915
24051
30626
47991
22192
94907
52001
98297
92211
55846
64863
37904
11955
97367
66060
