58538
46332
41293
97606
39736
38015
60821
78227
28147
91023
28296
53468
27385
89784
19922
41416
43033
33823
45254
64125
66627
88951
73851
55369
76924
64395
61449
40520
86396
82090
34218
99481
89562
38897
60482
48324
61001
54521
26370
42982
62269
22384
32168
43977
83330
40983
14919
78468
53594
32461
37897
40570
62819
22897
16994
37175
34944
49539
16015
67458
35274
44899
93986
84939
15617
58494
34543
79203
34052
94480
47171
28274
69796
26192
16700
69896
69033
82205
55328
67363
43652
34070
23408
46427
73723
35300
63327
30841
27839
11014
54159
94602
30924
90887
85107
90536
18230
75335
72910
36921
97334
53368
50862
89446
96083
17871
41052
83733
70511
82148
48641
93023
73091
21172
28879
37202
68772
56037
60222
19614
92414
57237
96394
88181
54059
40255
22305
39012
69637
37025
13728
43066
42116
94413
33115
39100
88940
69450
48119
23972
80359
38026
95585
97275
13154
76371
39524
63366
28726
76157
24685
21035
30057
22196
78768
57119
14827
42338
29762
66973
11102
84468
89981
41113
89920
11886
68753
91588
36938
52505
69360
60198
38005
12594
56492
42268
11649
97790
35766
60047
60991
43409
75979
23085
67564
23999
51380
48652
11369
85228
16710
61594
69989
90705
52027
62784
44810
83427
78268
37295
86567
37171
74938
76636
21914
84092
82908
42528
66217
92764
28170
42212
83933
73061
34419
84588
18040
99237
92378
99322
75280
17358
21536
89548
63776
70047
39902
61677
58926
82781
15583
50436
78351
65063
67841
13133
74989
18925
34445
75179
24428
36399
38883
92480
35583
95621
95547
33668
81693
85492
73526
35898
76713
13846
36666
58348
31915
32555
69611
37615
56685
43324
65883
77671
54859
39091
85787
54008
46471
67970
21266
18415
79638
43322
84305
64394
70926
38258
52110
35222
96558
58372
12175
13943
31032
11041
58894
94445
95099
35379
88300
30187
80704
12789
39195
75610
15047
60542
70594
93163
51338
90850
41779
62867
49135
27522
14843
99435
99114
80789
26108
29908
65995
29569
10545
23653
66125
93282
92623
31648
47601
14103
59665
39673
53077
39736
15795
28038
25560
16835
82632
94663
29967
26584
88101
68755
89503
78730
79037
78207
89201
69833
94822
87442
11049
39993
90663
16663
65323
52651
80893
29722
71472
33462
47875
32060
59373
95584
12201
25054
97801
78857
46487
29773
58311
38226
12613
89127
17461
75376
45409
98027
87159
33820
99975
46247
13986
93561
23691
20084
87686
13029
93330
14721
18755
35097
37481
54239
36049
88617
14732
17219
98082
63086
96488
64236
72470
56408
56534
34807
49599
33503
14729
69868
32626
83973
93786
66204
58508
56656
35217
95566
48196
31988
34249
13600
67690
19205
13404
50760
84452
94295
66191
56754
12091
57043
79725
92912
36611
36039
16929
44490
99532
55114
17638
98900
29463
13482
63848
69942
22653
12838
58755
12968
14145
73533
82073
47488
22796
81317
79309
35720
32757
56554
49773
22958
58262
75459
93676
50126
37798
29321
33421
62856
53694
27918
18118
32887
48261
57921
62687
56228
59248
97734
41477
62235
43106
71904
56139
83042
95558
44895
73466
45430
40226
76060
33817
24058
80134
74471
64607
43450
46747
60647
61490
21992
61058
51095
78626
39209
33077
71977
67934
59842
43452
85550
77231
10367
13810
99881
57372
99600
49179
61436
30816
94591
32602
21562
93857
49047
16599
39085
65621
70603
22312
18902
89546
72281
16068
62257
14270
73284
48415
88023
81987
37167
10893
26929
66071
27173
35696
41872
58810
16536
78314
23594
31195
51955
42357
95657
15240
13089
79822
89987
21322
46825
70721
18373
27942
60540
24074
75703
69715
49568
90598
42227
97457
10887
56773
41862
15111
63275
11076
86377
19662
71854
85138
98665
74882
78218
18637
96424
22091
22176
97961
97370
48274
27025
10867
34807
92120
93424
80052
81641
29163
11124
49250
72593
54915
95757
36762
16285
15043
50319
45109
24448
88914
43394
86976
84571
38382
98160
87296
83310
30342
10871
41076
62824
71957
62748
12847
91533
84470
33389
42180
60850
43164
72626
56260
45451
32441
22450
81395
41428
94118
67642
98938
11353
88198
48342
54644
37940
76587
86155
43036
32953
13142
41907
83224
45930
16448
66646
92711
34140
87236
95721
69897
61246
57546
15200
16957
10710
52967
79685
36466
24777
82298
42751
95326
21022
56971
84997
93222
52825
21475
95588
48924
25569
59944
96648
85316
82205
82414
19083
56442
65647
80811
73375
38147
78553
24475
87215
64496
10827
81790
33898
20153
27963
73132
16308
23287
65370
14278
27882
82322
62940
44355
14080
89300
93805
86103
23564
15001
51677
55252
13249
19683
57153
96594
60184
76553
48441
60761
12230
20696
11098
23003
65264
96899
83556
63940
27717
23949
14684
48458
96599
23668
71679
90887
31984
78127
90786
74720
21500
87188
57337
87174
50062
38314
73979
93144
71226
26118
97917
65997
40892
58120
91018
40865
24769
85931
73615
55382
35385
84344
87839
70246
76070
37629
53537
62455
99126
31439
14441
94758
84063
89710
14242
99591
57879
90573
85058
99856
66567
22699
84680
64528
76399
30240
49545
16815
85361
15707
30717
17967
21899
47942
28925
87366
67375
12569
13048
75720
55110
61349
76810
89092
36725
30669
83150
40762
87525
51763
56061
82488
51269
24313
73655
14367
62710
67657
37624
72265
47488
42404
63066
86389
67361
60912
58082
53478
24534
34647
54167
34994
29712
29607
69092
20977
73088
61105
61255
34416
12018
87894
16931
48310
79086
65254
18979
92807
50343
79670
24439
47603
93595
59994
60596
30598
98063
90312
80276
11781
38819
25123
93306
81004
56742
86626
16766
65523
93808
39081
97609
55448
82337
65931
54157
82027
91983
70738
99525
49738
90955
16902
14709
76302
66121
96237
10231
79926
62276
14707
96141
30311
72813
74291
23255
22605
52940
30417
19444
41594
87210
69545
99205
58297
22148
32193
94612
83622
91845
12784
99067
66922
89964
61028
37486
69288
36181
99469
23024
11699
53212
14779
91908
14934
73351
62211
54010
93029
26234
42390
18878
62384
81450
96242
42869
99870
25028
97740
83449
84666
89963
11772
47898
66067
33602
29281
33562
54814
33096
49556
14650
67988
86666
82912
77294
82471
38183
93953
77039
97072
58872
12491
47127
92616
25415
43809
86148
67529
19637
24139
57177
89649
71591
80013
81435
38402
78818
12156
86903
86305
54521
74764
12077
44620
35411
57490
63152
37422
26150
95351
42617
56061
93333
25247
14209
54326
25511
